,Cannabichromene,Cannabidiol (CBD),Cannabidiolic Acid (CBDA),Cannabidivarin (CBDV),Cannabidivarinic Acid (CBDVA),Cannabigerol (CBG),Cannabigerolic Acid (CBGA),Cannabicyclolic Acid (CBLA),Cannabinol (CBN),Cannabinolic Acid (CBNA),Delta8-Tetrahydrocannabinol (d8-THC),Tetrahydrocannabinolic Acid (THCA),Tetrahydrocannabivarin (THCV),Tetrahydrocannabivarinic Acid (THCVA),Delta9-Tetrahydrocannabinol (d9-THC)
Cannabichromene,1.0,0.3667771307255123,0.3875589555088773,0.3665354623702897,0.3377888600492431,0.3603616289960207,0.3833369827492229,0.0519933834954712,0.3140937458054637,0.3141013858423123,0.2835719142557568,0.3537818423008819,0.2458217196336154,0.3547441010253903,0.3537818423008819
Cannabidiol (CBD),0.3667771307255123,1.0,0.452964620328763,0.9999672277570736,0.3923939366937214,0.8541962561221655,0.3465277000916829,0.0537621190113021,0.3019977116739006,0.265402932801166,0.3117289118662315,0.3052557025758252,0.3849308177702604,0.3063201665452923,0.3052557025758252
Cannabidiolic Acid (CBDA),0.3875589555088773,0.452964620328763,1.0,0.4524733183674439,0.9104396494470842,0.450981913444773,0.9028072459218106,0.3109129786760485,0.1518673156128624,0.183838912363766,0.2577254793255266,0.6546199236678382,0.2837626421759173,0.6562109181193114,0.6546199236678382
Cannabidivarin (CBDV),0.3665354623702897,0.9999672277570736,0.4524733183674439,1.0000000000000002,0.3923000327418294,0.8549943630109685,0.3461753717002306,0.0531445833065385,0.3028312178010158,0.2656336379432837,0.3137888355534236,0.3051563356626794,0.3854617388418104,0.3062429976677206,0.3051563356626794
Cannabidivarinic Acid (CBDVA),0.3377888600492431,0.3923939366937214,0.9104396494470842,0.3923000327418294,0.9999999999999996,0.4126308734483222,0.8224126071453466,0.28467699746916,0.1394577362357786,0.167530988952117,0.2798867478997134,0.6232312730438074,0.2842040219881183,0.6245721144629931,0.6232312730438074
Cannabigerol (CBG),0.3603616289960207,0.8541962561221655,0.450981913444773,0.8549943630109685,0.4126308734483222,0.9999999999999998,0.3352535775320382,0.1100220521487853,0.2959840601257874,0.2272472347230646,0.3273010778655171,0.3033829194919357,0.328995825036813,0.3043362988863844,0.3033829194919357
Cannabigerolic Acid (CBGA),0.3833369827492229,0.3465277000916829,0.9028072459218106,0.3461753717002306,0.8224126071453466,0.3352535775320382,1.0,0.3105162364688404,0.1166623904306095,0.2771995573005631,0.2567494766592945,0.6433460871064591,0.2207615462590092,0.6443777069176135,0.6433460871064591
Cannabicyclolic Acid (CBLA),0.0519933834954712,0.0537621190113021,0.3109129786760485,0.0531445833065385,0.28467699746916,0.1100220521487853,0.3105162364688404,1.0,0.0,0.1627214767178537,0.0,0.1544426465795175,0.0,0.1519466446116797,0.1544426465795175
Cannabinol (CBN),0.3140937458054637,0.3019977116739006,0.1518673156128624,0.3028312178010158,0.1394577362357786,0.2959840601257874,0.1166623904306095,0.0,1.0,0.688840072074766,0.2469824840865929,0.1548186622981245,0.2417665684377904,0.1565291682553915,0.1548186622981245
Cannabinolic Acid (CBNA),0.3141013858423123,0.265402932801166,0.183838912363766,0.2656336379432837,0.167530988952117,0.2272472347230646,0.2771995573005631,0.1627214767178537,0.688840072074766,1.0,0.1928451726498719,0.1453434804322447,0.1853011934087539,0.145940540851938,0.1453434804322447
Delta8-Tetrahydrocannabinol (d8-THC),0.2835719142557568,0.3117289118662315,0.2577254793255266,0.3137888355534236,0.2798867478997134,0.3273010778655171,0.2567494766592945,0.0,0.2469824840865929,0.1928451726498719,1.0,0.3816821285134117,0.5972011592744911,0.3824249491557032,0.3816821285134117
Tetrahydrocannabinolic Acid (THCA),0.3537818423008819,0.3052557025758252,0.6546199236678382,0.3051563356626794,0.6232312730438074,0.3033829194919357,0.6433460871064591,0.1544426465795175,0.1548186622981245,0.1453434804322447,0.3816821285134117,1.0000000000000002,0.6193805143431151,0.9999243502520212,1.0000000000000002
Tetrahydrocannabivarin (THCV),0.2458217196336154,0.3849308177702604,0.2837626421759173,0.3854617388418104,0.2842040219881183,0.328995825036813,0.2207615462590092,0.0,0.2417665684377904,0.1853011934087539,0.5972011592744911,0.6193805143431151,1.0,0.6204141315459776,0.6193805143431151
Tetrahydrocannabivarinic Acid (THCVA),0.3547441010253903,0.3063201665452923,0.6562109181193114,0.3062429976677206,0.6245721144629931,0.3043362988863844,0.6443777069176135,0.1519466446116797,0.1565291682553915,0.145940540851938,0.3824249491557032,0.9999243502520212,0.6204141315459776,0.9999999999999998,0.9999243502520212
Delta9-Tetrahydrocannabinol (d9-THC),0.3537818423008819,0.3052557025758252,0.6546199236678382,0.3051563356626794,0.6232312730438074,0.3033829194919357,0.6433460871064591,0.1544426465795175,0.1548186622981245,0.1453434804322447,0.3816821285134117,1.0000000000000002,0.6193805143431151,0.9999243502520212,1.0000000000000002
