,(+) Cedrol,(+)-Borneol,(-) α-Bisabolol,(-)-Borneol,(-)-Caryophyllene Oxide,(1R)-(+)-Camphor,(1S)-(-)-Camphor,3-Carene,Apigenin-7-glucoside,B-Sitosterol,Baicalin,Camphene,Cannabichromene,Cannabichromenic Acid ,Cannabicyclolic Acid (CBLA),Cannabidiol (CBD),Cannabidiolic Acid (CBDA),Cannabidivarin (CBDV),Cannabidivarinic Acid (CBDVA),Cannabigerol (CBG),Cannabigerolic Acid (CBGA),Cannabinol (CBN),Cannabinolic Acid (CBNA),Cannflavin A,Cannflavin B,Catechin,Chrysin,Cis-Nerolidol,Delta8-Tetrahydrocannabinol (d8-THC),Delta9-Tetrahydrocannabinol (d9-THC),Endo-Fenchyl Alcohol,Epicatechin,Epigalocatechin,Eucalyptol,Fenchone,Geranyl Acetate,Guaiol,Hexahydro Thymol,Isoborneol,Isovexitin,Kaempferol,L-Fenchone,Linalool,Luteolin,Luteolin-7-o-glucoside,Nerol,Orientin,Quercetin,Quercetin-3-glucoside,R (+) Limonene,Rutin,Sabinene,Terpinolene,Tetrahydrocannabinolic Acid (THCA),Tetrahydrocannabivarin (THCV),Tetrahydrocannabivarinic Acid (THCVA),Trans-Nerolidol,Trans-Ocimene,Valencene,Vitexin,cis-Ocimene,ɣ-Terpinene,α-Cedrene,α-Farnesene,α-Humulene,α-Phellandrene,α-Pinene,α-Terpinene,α-Terpineol,β-Caryophyllene,β-Farnesene,β-Myrcene,β-pinene
(+) Cedrol,1,0.99417745312595,0.759013003930669,0.99417745312595,0.724416682920201,0.672731358913776,0.672731358913776,0.623155280954125,0.581920823391975,0.743297794977014,0.721083817926373,0.602263986463228,0.608044948118258,0.473537240378917,0.511267760009598,0.548359110390429,0.601599195173836,0.548359110390429,0.601112928517974,0.571448351156205,0.57974961077592,0.478069333213942,0.642510798991987,0.67626807236906,0.667154006205015,0.730761989384983,0.680353632700903,0.70997302860803,0.391705960268831,0.537515594709666,0.99417745312595,0.730761989384983,0.730761989384983,0.761584029183754,0.672731358913776,0.560887112639522,0.771378510629369,0.926866626491699,0.99417745312595,0.649188426527007,0.686801231735361,0.672731358913776,0.784028825366839,0.680009778525959,0.575207018593232,0.694639718990649,0.627304352272849,0.690193060888335,0.705207868023806,0.640545017720587,0.660345809075951,0.49307174354576,0.660918869773023,0.537515594709666,0.33251768775436,0.537515594709666,0.70997302860803,0.612963359697889,0.657106745701053,0.615352337876881,0.612963359697889,0.694541482468335,0.684133382527264,0.724089322116191,0.694059610922346,0.709168365202613,0.618952719772533,0.59662750171984,0.759013003930669,0.662883637293123,0.702149021594684,0.75051057669256,0.579196773676768
(+)-Borneol,0.99417745312595,1,0.780620767640883,1,0.720971630333215,0.702800827875293,0.702800827875293,0.661171591443504,0.605055216594832,0.769152669186094,0.734777931713742,0.633676554799356,0.642479366818386,0.503218843479644,0.540818511987478,0.567411992078418,0.631311627070718,0.567411992078418,0.629400410684142,0.60662033767921,0.610152566879657,0.504227135592667,0.662575668097862,0.702797104368362,0.694459989603066,0.746798418960192,0.701955114552924,0.722797065011816,0.422521703778557,0.574457153937822,1,0.746798418960192,0.746798418960192,0.777368636326105,0.702800827875293,0.584741785180238,0.792697215577236,0.937834397514172,1,0.672998269778893,0.707526748976552,0.702800827875293,0.808490977453406,0.701366263684044,0.597679303270634,0.717504942911596,0.652369900908987,0.712797019026622,0.72263374810579,0.6815442867282,0.683399442705607,0.5307324988257,0.697863404824551,0.574457153937822,0.36895002612801,0.574457153937822,0.722797065011816,0.649544446277852,0.694121909362227,0.640567101186491,0.649544446277852,0.72751479915562,0.718971318310622,0.755158252253385,0.725843138569519,0.738205772203031,0.657565889621651,0.637209926185065,0.780620767640883,0.697462377554338,0.730540711496539,0.776041238253169,0.615780824995327
(-) α-Bisabolol,0.759013003930669,0.780620767640883,1,0.780620767640883,0.557395614434465,0.811706321257497,0.811706321257497,0.830390957266235,0.716407113796884,0.823996340924041,0.762267048875053,0.819357670571504,0.72781657124502,0.613821453360421,0.65595063896455,0.633429139546914,0.770339623782383,0.633429139546914,0.787425445081247,0.650879570296388,0.777956665225502,0.509545853110147,0.682207904684051,0.811439238030731,0.817160066206632,0.839721173046027,0.845592387122329,0.820090732805083,0.464615525871489,0.716463982194095,0.780620767640883,0.839721173046027,0.839721173046027,0.832060015598033,0.811706321257497,0.762391253359398,0.990439285504298,0.781242827170986,0.780620767640883,0.741096325093095,0.845777786185406,0.811706321257497,0.805434738541668,0.842191628646216,0.703090883596112,0.808209452177259,0.73268775009032,0.841748578218034,0.855860913396395,0.820735071959125,0.797997891245702,0.719879460114212,0.796929689371822,0.716463982194095,0.444899088388455,0.716463982194095,0.820090732805083,0.778007215602075,0.853631423543158,0.72218390716586,0.778007215602075,0.797644918761553,0.837115524791127,0.816344107339999,0.782307709595617,0.837599830719918,0.836294725081514,0.785890422655176,1,0.846056933809662,0.807748493928848,0.818535083737276,0.776643798026839
(-)-Borneol,0.99417745312595,1,0.780620767640883,1,0.720971630333215,0.702800827875293,0.702800827875293,0.661171591443504,0.605055216594832,0.769152669186094,0.734777931713742,0.633676554799356,0.642479366818386,0.503218843479644,0.540818511987478,0.567411992078418,0.631311627070718,0.567411992078418,0.629400410684142,0.60662033767921,0.610152566879657,0.504227135592667,0.662575668097862,0.702797104368362,0.694459989603066,0.746798418960192,0.701955114552924,0.722797065011816,0.422521703778557,0.574457153937822,1,0.746798418960192,0.746798418960192,0.777368636326105,0.702800827875293,0.584741785180238,0.792697215577236,0.937834397514172,1,0.672998269778893,0.707526748976552,0.702800827875293,0.808490977453406,0.701366263684044,0.597679303270634,0.717504942911596,0.652369900908987,0.712797019026622,0.72263374810579,0.6815442867282,0.683399442705607,0.5307324988257,0.697863404824551,0.574457153937822,0.36895002612801,0.574457153937822,0.722797065011816,0.649544446277852,0.694121909362227,0.640567101186491,0.649544446277852,0.72751479915562,0.718971318310622,0.755158252253385,0.725843138569519,0.738205772203031,0.657565889621651,0.637209926185065,0.780620767640883,0.697462377554338,0.730540711496539,0.776041238253169,0.615780824995327
(-)-Caryophyllene Oxide,0.724416682920201,0.720971630333215,0.557395614434465,0.720971630333215,1,0.595190484170608,0.595190484170608,0.500915819233359,0.472393974162446,0.597706500923893,0.548960226579577,0.47349155376576,0.469447944769513,0.2519817497871,0.555357203773152,0.522527567040893,0.54149155882648,0.522527567040893,0.477150227094329,0.504055499149255,0.496571794087559,0.444208863708033,0.632926626659484,0.55088088849433,0.533754272428839,0.57850445348756,0.471167181173291,0.612027986937486,0.279121280537503,0.398629290965121,0.720971630333215,0.57850445348756,0.57850445348756,0.580675119330072,0.595190484170608,0.402353489299286,0.57648940979723,0.726504717221677,0.720971630333215,0.485582773072616,0.483759169848554,0.595190484170608,0.691696744165963,0.478792089022387,0.469213412417696,0.617691853398915,0.454041336569385,0.493906689006044,0.58176341593333,0.512075114637116,0.511953909022194,0.338165844973519,0.606774560910741,0.398629290965121,0.350077588118887,0.398629290965121,0.612027986937486,0.549019900198222,0.517840421443907,0.430053561034479,0.549019900198222,0.623378773713665,0.579305618219153,0.662752972147872,0.673428907537012,0.648955103540569,0.496187631855363,0.551894984707581,0.557395614434465,0.549755661911429,0.627000316679496,0.658509662177684,0.496182136091268
(1R)-(+)-Camphor,0.672731358913776,0.702800827875293,0.811706321257497,0.702800827875293,0.595190484170608,1,1,0.777214570105096,0.741316122737224,0.831753947494926,0.758552858637049,0.804893030943115,0.799979552107545,0.607557698414252,0.689682086601988,0.691087284953137,0.818066788923839,0.691087284953137,0.801238103620706,0.752323797147126,0.816833732415586,0.58980152130656,0.693744921539732,0.828598244575758,0.843295117391063,0.850901654474509,0.801206432812593,0.729076659949403,0.503582563132104,0.748891281240918,0.702800827875293,0.850901654474509,0.850901654474509,0.763631128894426,1,0.727837512040238,0.809171045438906,0.773250414858225,0.702800827875293,0.787820439953635,0.807557520719426,1,0.783492882808725,0.806691167635164,0.724555228143715,0.803604014632219,0.780907728160261,0.818515440242566,0.833120614476707,0.798642104700206,0.813447211218898,0.714346320099472,0.819550264595245,0.748891281240918,0.538522008528552,0.748891281240918,0.729076659949403,0.82705186157854,0.817923386702401,0.758256361121288,0.82705186157854,0.828802487785958,0.808452980806542,0.837390821068805,0.811239897753733,0.83609688665234,0.78967483173247,0.818862492021565,0.811706321257497,0.803203168511144,0.807850013489696,0.816838162455726,0.798059045761905
(1S)-(-)-Camphor,0.672731358913776,0.702800827875293,0.811706321257497,0.702800827875293,0.595190484170608,1,1,0.777214570105096,0.741316122737224,0.831753947494926,0.758552858637049,0.804893030943115,0.799979552107545,0.607557698414252,0.689682086601988,0.691087284953137,0.818066788923839,0.691087284953137,0.801238103620706,0.752323797147126,0.816833732415586,0.58980152130656,0.693744921539732,0.828598244575758,0.843295117391063,0.850901654474509,0.801206432812593,0.729076659949403,0.503582563132104,0.748891281240918,0.702800827875293,0.850901654474509,0.850901654474509,0.763631128894426,1,0.727837512040238,0.809171045438906,0.773250414858225,0.702800827875293,0.787820439953635,0.807557520719426,1,0.783492882808725,0.806691167635164,0.724555228143715,0.803604014632219,0.780907728160261,0.818515440242566,0.833120614476707,0.798642104700206,0.813447211218898,0.714346320099472,0.819550264595245,0.748891281240918,0.538522008528552,0.748891281240918,0.729076659949403,0.82705186157854,0.817923386702401,0.758256361121288,0.82705186157854,0.828802487785958,0.808452980806542,0.837390821068805,0.811239897753733,0.83609688665234,0.78967483173247,0.818862492021565,0.811706321257497,0.803203168511144,0.807850013489696,0.816838162455726,0.798059045761905
3-Carene,0.623155280954125,0.661171591443504,0.830390957266235,0.661171591443504,0.500915819233359,0.777214570105096,0.777214570105096,1,0.714350945740701,0.80081390326007,0.707065613632636,0.823045263807087,0.74037506632016,0.691174429919507,0.764870140257092,0.616754195260311,0.784846247115972,0.616754195260311,0.784863742508806,0.768220488104315,0.788344663589304,0.51088818996599,0.655965355217623,0.81514714044056,0.80761757489382,0.75515964489024,0.805366418593832,0.776018007399144,0.46670953773032,0.722468720269535,0.661171591443504,0.75515964489024,0.75515964489024,0.873591361796897,0.777214570105096,0.698584101109783,0.836147716532229,0.712006062612626,0.661171591443504,0.697610356374299,0.798508966432858,0.777214570105096,0.815111080310203,0.799075635755698,0.709434984696436,0.790555330912101,0.69406039773167,0.809576834257715,0.77408178701791,0.97611004477177,0.744592037698997,0.784117553785511,0.935593385274711,0.722468720269535,0.491982570124166,0.722468720269535,0.776018007399144,0.914101739867393,0.972137629456335,0.689453662757587,0.914101739867393,0.870223307915355,0.974630379741531,0.855892326636798,0.849787515767158,0.892859800494179,0.994227331606101,0.916714925675791,0.830390957266235,0.989386330059526,0.920201122037582,0.902172517116699,0.842011107176462
Apigenin-7-glucoside,0.581920823391975,0.605055216594832,0.716407113796884,0.605055216594832,0.472393974162446,0.741316122737224,0.741316122737224,0.714350945740701,1,0.738056482418924,0.926196071936633,0.720862831229931,0.734586971569423,0.61078581801769,0.703553988801929,0.617344900415141,0.830518112403441,0.617344900415141,0.82200686200187,0.629916537349923,0.839436603954633,0.385391053407694,0.544399092930276,0.877030770108055,0.877370560750669,0.794554070732177,0.79852160467168,0.765328766009951,0.405614955944932,0.775470655626481,0.605055216594832,0.794554070732177,0.794554070732177,0.731527935110753,0.741316122737224,0.745992018644412,0.712776477971348,0.66746795908031,0.605055216594832,0.858722611585195,0.790416468981676,0.741316122737224,0.718094296707806,0.795150559076286,0.992232069010984,0.792165506878171,0.85757956798635,0.80949908788288,0.818070210848231,0.719630458692653,0.856332303196555,0.660807098223699,0.732612703341563,0.775470655626481,0.444607130808767,0.775470655626481,0.765328766009951,0.781460243689418,0.735609287205811,0.855039309178252,0.781460243689418,0.847698259096745,0.730747894031074,0.732289333928383,0.704862444079275,0.810693039862224,0.733596479876298,0.787831276074999,0.716407113796884,0.723611020553,0.774621423514659,0.766166043282121,0.724199490922439
B-Sitosterol,0.743297794977014,0.769152669186094,0.823996340924041,0.769152669186094,0.597706500923893,0.831753947494926,0.831753947494926,0.80081390326007,0.738056482418924,1,0.778353744668171,0.812472634558741,0.778228125062426,0.681839391520744,0.719464105065852,0.624486999596594,0.788893595052381,0.624486999596594,0.798051403254373,0.731055382770882,0.818075306313469,0.609995520457093,0.797125655968923,0.828910021016895,0.835835649033031,0.792852152710164,0.797168023623838,0.749569544673139,0.558996776396519,0.801542893649636,0.769152669186094,0.792852152710164,0.792852152710164,0.789113918455654,0.831753947494926,0.831883175230151,0.817093689437828,0.827989278191928,0.769152669186094,0.782076468021405,0.806269601074818,0.831753947494926,0.791025309600232,0.805149799582539,0.732116629603685,0.883245500372405,0.776626275070917,0.81557608162807,0.818765452383861,0.827437688117412,0.787689081305891,0.75238069920248,0.834629498597542,0.801542893649636,0.548119627984876,0.801542893649636,0.749569544673139,0.841119257577542,0.829344808080253,0.765719858069575,0.841119257577542,0.854104076208519,0.839376867326216,0.848338200743884,0.833155304562828,0.846754442975306,0.810690378997068,0.837896667659382,0.823996340924041,0.810011954089885,0.831950074837878,0.835065242020649,0.830308220871449
Baicalin,0.721083817926373,0.734777931713742,0.762267048875053,0.734777931713742,0.548960226579577,0.758552858637049,0.758552858637049,0.707065613632636,0.926196071936633,0.778353744668171,1,0.720905142979199,0.729859861676348,0.609838875699176,0.670407229690331,0.619559784646602,0.791663929884805,0.619559784646602,0.789298968787229,0.63428625736752,0.795614097619961,0.436058546222059,0.610413006746215,0.87975709443477,0.87500021626633,0.814569966345911,0.817063147257043,0.821814845063036,0.394742815397008,0.737740382503517,0.734777931713742,0.814569966345911,0.814569966345911,0.775641765343867,0.758552858637049,0.743533301511348,0.763621055503293,0.773843620726172,0.734777931713742,0.862413278004448,0.812543385490738,0.758552858637049,0.78653459435764,0.814010939249649,0.928719888655495,0.806717590365641,0.855627459499613,0.830525590703864,0.830148322362991,0.709831572691521,0.852679006822516,0.639285845097513,0.737490216979889,0.737740382503517,0.396360530352374,0.737740382503517,0.821814845063036,0.77189379800541,0.736970836874819,0.85289930120367,0.77189379800541,0.843837316391736,0.742498263320431,0.762111239974475,0.731347185908186,0.82597889915809,0.72702184191271,0.765385170998033,0.762267048875053,0.723541321387363,0.794792524435179,0.806594311304223,0.727314937434615
Camphene,0.602263986463228,0.633676554799356,0.819357670571504,0.633676554799356,0.47349155376576,0.804893030943115,0.804893030943115,0.823045263807087,0.720862831229931,0.812472634558741,0.720905142979199,1,0.718097835496042,0.671330952077564,0.690008714697969,0.602040404219694,0.771814307316943,0.602040404219694,0.790045103286242,0.690957575804552,0.788062823183794,0.586299097707628,0.694328018870914,0.807316146169471,0.818625963462135,0.775226326310492,0.826495823330227,0.7223972502001,0.529368154032823,0.746704974065383,0.633676554799356,0.775226326310492,0.775226326310492,0.773690241893908,0.804893030943115,0.744127045262516,0.812214490187612,0.678202428115018,0.633676554799356,0.715436309431936,0.82853042475516,0.804893030943115,0.73867654574359,0.82857443969595,0.709847556809047,0.770429883292222,0.714506894565602,0.829279689344035,0.799829392302989,0.822194840020735,0.748331633065268,0.916350624693172,0.818672408433175,0.746704974065383,0.568616437714469,0.746704974065383,0.7223972502001,0.819343081731326,0.850162741771077,0.704561814962019,0.819343081731326,0.814064374080795,0.82785487262622,0.79747970447009,0.78513980347957,0.816924022073252,0.834218327950577,0.827468211765503,0.819357670571504,0.821625390928265,0.800359671919286,0.786970723626115,0.920404288936653
Cannabichromene,0.608044948118258,0.642479366818386,0.72781657124502,0.642479366818386,0.469447944769513,0.799979552107545,0.799979552107545,0.74037506632016,0.734586971569423,0.778228125062426,0.729859861676348,0.718097835496042,1,0.650007070897122,0.6686303862904,0.726170524555102,0.828283139368433,0.726170524555102,0.802674776727628,0.830081592912985,0.81879739279713,0.63211546866454,0.700659705825795,0.816127364573034,0.8208703500619,0.776672652063608,0.754402860258022,0.639078511040138,0.52034745206964,0.781308076850901,0.642479366818386,0.776672652063608,0.776672652063608,0.708379140391139,0.799979552107545,0.673990989638378,0.717127012743859,0.697202184472096,0.642479366818386,0.759946927818726,0.756013235727546,0.799979552107545,0.691004045524042,0.758222097916255,0.731681040849188,0.735942769111724,0.756083913780505,0.772916917511229,0.773055990353037,0.778645404442349,0.804173987555022,0.673493041071635,0.777590471647478,0.781308076850901,0.559926794357144,0.781308076850901,0.639078511040138,0.811577136426748,0.783428480616364,0.746657611429012,0.811577136426748,0.828410343910594,0.774894236699834,0.77278929243976,0.749197521557777,0.769168309804022,0.750874679258444,0.776883905102729,0.72781657124502,0.760764317937453,0.755941853140217,0.747560220745642,0.722851515775043
Cannabichromenic Acid ,0.473537240378917,0.503218843479644,0.613821453360421,0.503218843479644,0.2519817497871,0.607557698414252,0.607557698414252,0.691174429919507,0.61078581801769,0.681839391520744,0.609838875699176,0.671330952077564,0.650007070897122,1,0.654937229276644,0.408818069474552,0.656822354738435,0.408818069474552,0.804621870166831,0.575735867421425,0.699424690127639,0.496957226220311,0.598387865110207,0.685927384830358,0.695901824192233,0.581822670280751,0.792871232154669,0.533837467974719,0.477177351731877,0.684861380102782,0.503218843479644,0.581822670280751,0.581822670280751,0.640210959415993,0.607557698414252,0.658011089864613,0.606066398829656,0.520763190339921,0.503218843479644,0.617904939366577,0.80585798427113,0.607557698414252,0.494024339336114,0.811684157813821,0.610648116291884,0.64558991080994,0.622643103921676,0.817199196072993,0.662879361182124,0.700570535371104,0.666299487817854,0.650359213069803,0.642235177113754,0.684861380102782,0.483917977090024,0.684861380102782,0.533837467974719,0.706277396138372,0.700227709640565,0.651773332909348,0.706277396138372,0.66575232942565,0.702072735904851,0.59119983516291,0.581317361156955,0.636187144336992,0.696638021945537,0.673218847149579,0.613821453360421,0.678330573965258,0.613931635754722,0.592080195653326,0.6587688479178
Cannabicyclolic Acid (CBLA),0.511267760009598,0.540818511987478,0.65595063896455,0.540818511987478,0.555357203773152,0.689682086601988,0.689682086601988,0.764870140257092,0.703553988801929,0.719464105065852,0.670407229690331,0.690008714697969,0.6686303862904,0.654937229276644,1,0.485146996665574,0.838431737086899,0.485146996665574,0.817923966407235,0.655976010458847,0.830968740406886,0.462177607755154,0.591242890848524,0.732734814199734,0.73032252802352,0.631844010796362,0.690652520185299,0.672442036625839,0.406775487612335,0.710156356767182,0.540818511987478,0.631844010796362,0.631844010796362,0.662381170727162,0.689682086601988,0.620414673046252,0.657285301525247,0.62856782817105,0.540818511987478,0.641888757654598,0.692512575946898,0.689682086601988,0.669799911280569,0.700517504570539,0.70531922636956,0.763255483401209,0.640090393545321,0.716022510892099,0.688926265061618,0.770840792596991,0.689230778268528,0.661314366250894,0.768345165041894,0.710156356767182,0.51833459970885,0.710156356767182,0.672442036625839,0.815364914991035,0.75888965414865,0.648398350106183,0.815364914991035,0.784653473662476,0.779515043096112,0.744599658409595,0.761146223958722,0.797944067661256,0.769045250573653,0.813518106470229,0.65595063896455,0.759638308025248,0.766819749200046,0.755555555555555,0.729048826116071
Cannabidiol (CBD),0.548359110390429,0.567411992078418,0.633429139546914,0.567411992078418,0.522527567040893,0.691087284953137,0.691087284953137,0.616754195260311,0.617344900415141,0.624486999596594,0.619559784646602,0.602040404219694,0.726170524555102,0.408818069474552,0.485146996665574,1,0.712061777120821,1,0.646046927203887,0.858005440449929,0.689539688938117,0.538770828077201,0.655276171912987,0.707618423577974,0.703295021389919,0.708821507297841,0.641530740664436,0.61120225315181,0.411681412912635,0.589151004104212,0.567411992078418,0.708821507297841,0.708821507297841,0.5796107088659,0.691087284953137,0.624232170490441,0.625837076855531,0.59718406553154,0.567411992078418,0.662904450991327,0.637656380554427,0.691087284953137,0.657611214535127,0.635400249364723,0.606369371877889,0.65261838982909,0.651762959053593,0.641208076941477,0.696037722839927,0.642296466069031,0.634597285584124,0.513615193748046,0.691889183359608,0.589151004104212,0.460112464574919,0.589151004104212,0.61120225315181,0.630151690754493,0.646930185769613,0.620867910131971,0.630151690754493,0.741430189365296,0.646792683743738,0.730162385808841,0.680680759266527,0.672986221412198,0.615008908983217,0.609821566923291,0.633429139546914,0.66817048745783,0.68449821855884,0.689384852453043,0.537193404737991
Cannabidiolic Acid (CBDA),0.601599195173836,0.631311627070718,0.770339623782383,0.631311627070718,0.54149155882648,0.818066788923839,0.818066788923839,0.784846247115972,0.830518112403441,0.788893595052381,0.791663929884805,0.771814307316943,0.828283139368433,0.656822354738435,0.838431737086899,0.712061777120821,1,0.712061777120821,0.955981368180543,0.790938043996267,0.981455203304638,0.580720517083019,0.660923218589402,0.872022095584347,0.878676834018848,0.817374782750248,0.820837113855287,0.707547878039785,0.53440613574065,0.892003111749441,0.631311627070718,0.817374782750248,0.817374782750248,0.709042431522893,0.818066788923839,0.732582371677451,0.756883935662506,0.69804665278522,0.631311627070718,0.814900103625717,0.820972702558089,0.818066788923839,0.704549671721282,0.826746088816217,0.825478141742153,0.79644410201574,0.81355376048869,0.836642864820365,0.849602080321109,0.803855701960627,0.859532435705594,0.733638970026958,0.81065325196804,0.892003111749441,0.628983538885195,0.892003111749441,0.707547878039785,0.829173255525124,0.81743715200487,0.804112019121043,0.829173255525124,0.885832800960609,0.798460130871539,0.805437773766249,0.778178506631221,0.839783052271483,0.797037446862545,0.842591172571422,0.770339623782383,0.796783903964666,0.806567431011383,0.793918356173487,0.76510703709693
Cannabidivarin (CBDV),0.548359110390429,0.567411992078418,0.633429139546914,0.567411992078418,0.522527567040893,0.691087284953137,0.691087284953137,0.616754195260311,0.617344900415141,0.624486999596594,0.619559784646602,0.602040404219694,0.726170524555102,0.408818069474552,0.485146996665574,1,0.712061777120821,1,0.646046927203887,0.858005440449929,0.689539688938117,0.538770828077201,0.655276171912987,0.707618423577974,0.703295021389919,0.708821507297841,0.641530740664436,0.61120225315181,0.411681412912635,0.589151004104212,0.567411992078418,0.708821507297841,0.708821507297841,0.5796107088659,0.691087284953137,0.624232170490441,0.625837076855531,0.59718406553154,0.567411992078418,0.662904450991327,0.637656380554427,0.691087284953137,0.657611214535127,0.635400249364723,0.606369371877889,0.65261838982909,0.651762959053593,0.641208076941477,0.696037722839927,0.642296466069031,0.634597285584124,0.513615193748046,0.691889183359608,0.589151004104212,0.460112464574919,0.589151004104212,0.61120225315181,0.630151690754493,0.646930185769613,0.620867910131971,0.630151690754493,0.741430189365296,0.646792683743738,0.730162385808841,0.680680759266527,0.672986221412198,0.615008908983217,0.609821566923291,0.633429139546914,0.66817048745783,0.68449821855884,0.689384852453043,0.537193404737991
Cannabidivarinic Acid (CBDVA),0.601112928517974,0.629400410684142,0.787425445081247,0.629400410684142,0.477150227094329,0.801238103620706,0.801238103620706,0.784863742508806,0.82200686200187,0.798051403254373,0.789298968787229,0.790045103286242,0.802674776727628,0.804621870166831,0.817923966407235,0.646046927203887,0.955981368180543,0.646046927203887,1,0.737065224893185,0.958327945784145,0.578832883958944,0.675720989640271,0.868554036323483,0.880244947117231,0.811231878264881,0.891857583838789,0.698230532129019,0.555442976047768,0.886275385249029,0.629400410684142,0.811231878264881,0.811231878264881,0.731307723813273,0.801238103620706,0.768280695953984,0.771956111477629,0.668303109886119,0.629400410684142,0.80750955733897,0.897871447418488,0.801238103620706,0.661710312714686,0.903087593027854,0.817484306640236,0.802578602142719,0.806594871487155,0.907494859664672,0.861750907598466,0.797750342614764,0.864198348047995,0.744438922293034,0.775344363450875,0.886275385249029,0.624470406877078,0.886275385249029,0.698230532129019,0.818361496064914,0.812735266978896,0.803939543955735,0.818361496064914,0.85498079906575,0.797160188634939,0.766588621779114,0.738059789927877,0.81510162660162,0.79645666173503,0.822332535089066,0.787425445081247,0.790858965571306,0.767566667011129,0.753831659480335,0.766859995490352
Cannabigerol (CBG),0.571448351156205,0.60662033767921,0.650879570296388,0.60662033767921,0.504055499149255,0.752323797147126,0.752323797147126,0.768220488104315,0.629916537349923,0.731055382770882,0.63428625736752,0.690957575804552,0.830081592912985,0.575735867421425,0.655976010458847,0.858005440449929,0.790938043996267,0.858005440449929,0.737065224893185,1,0.759475317688743,0.635009700498057,0.6944882197456,0.760072174883553,0.75530173843481,0.704696015068286,0.690770770385322,0.634547009959016,0.507948540247239,0.69857830697473,0.60662033767921,0.704696015068286,0.704696015068286,0.688086591526992,0.752323797147126,0.621795442286379,0.649367140595463,0.67312758475218,0.60662033767921,0.67033441104241,0.687894838317767,0.752323797147126,0.706353230786464,0.689003154860168,0.61963022555759,0.699282470754874,0.662645077518886,0.704105968205497,0.691511305364199,0.811001920117569,0.690583984643999,0.667367168726324,0.829020944148866,0.69857830697473,0.557679725922089,0.69857830697473,0.634547009959016,0.812673081417257,0.801644062177245,0.642605427483403,0.812673081417257,0.826364059407978,0.797561516877517,0.833383414289386,0.808326131602753,0.766221277840871,0.766539163794306,0.759726284518228,0.650879570296388,0.798266719267062,0.804544691388808,0.79833270912811,0.704846747634208
Cannabigerolic Acid (CBGA),0.57974961077592,0.610152566879657,0.777956665225502,0.610152566879657,0.496571794087559,0.816833732415586,0.816833732415586,0.788344663589304,0.839436603954633,0.818075306313469,0.795614097619961,0.788062823183794,0.81879739279713,0.699424690127639,0.830968740406886,0.689539688938117,0.981455203304638,0.689539688938117,0.958327945784145,0.759475317688743,1,0.552599196280743,0.693000109162826,0.869882475560954,0.879366991840105,0.811162523322165,0.838916298949446,0.705390776207288,0.525782360405846,0.895935655717686,0.610152566879657,0.811162523322165,0.811162523322165,0.709072705311954,0.816833732415586,0.792625574730552,0.763330352625484,0.684012975011782,0.610152566879657,0.809371110957682,0.840381683584722,0.816833732415586,0.696493362369443,0.845238922310271,0.835631450430309,0.82761591338478,0.810046924693291,0.852729894440218,0.850222582813322,0.803665219490707,0.859744183494752,0.749199129578866,0.804222659982371,0.895935655717686,0.613932544988965,0.895935655717686,0.705390776207288,0.826896148546153,0.816406833451551,0.801249751504041,0.826896148546153,0.87047377626905,0.79405710237796,0.783415178443712,0.758222394208633,0.825457797051203,0.800062706940144,0.834679982038084,0.777956665225502,0.794977123695206,0.79062003181245,0.776870851175249,0.775406113022447
Cannabinol (CBN),0.478069333213942,0.504227135592667,0.509545853110147,0.504227135592667,0.444208863708033,0.58980152130656,0.58980152130656,0.51088818996599,0.385391053407694,0.609995520457093,0.436058546222059,0.586299097707628,0.63211546866454,0.496957226220311,0.462177607755154,0.538770828077201,0.580720517083019,0.538770828077201,0.578832883958944,0.635009700498057,0.552599196280743,1,0.829062742782796,0.550919706192096,0.575424698991412,0.507930717978419,0.546103163039465,0.365953372132172,0.641377543680827,0.640646139577718,0.504227135592667,0.507930717978419,0.507930717978419,0.469632538088594,0.58980152130656,0.491541700913857,0.493120021897211,0.507356070848666,0.504227135592667,0.478920544180344,0.562830182645253,0.58980152130656,0.42767232304278,0.565727189157731,0.379995453063443,0.497562988450626,0.46554448476177,0.559888093557169,0.571051409857458,0.55092341659774,0.511106923721436,0.504195650552128,0.573754825935367,0.640646139577718,0.731883067051562,0.640646139577718,0.365953372132172,0.539854161455378,0.575754398823693,0.458430900499434,0.539854161455378,0.601994889617029,0.566923843607784,0.5703865560425,0.568683478015014,0.539196402253317,0.511275272179189,0.548336457191472,0.509545853110147,0.528654367869387,0.502904232772242,0.49991345737711,0.569495490469474
Cannabinolic Acid (CBNA),0.642510798991987,0.662575668097862,0.682207904684051,0.662575668097862,0.632926626659484,0.693744921539732,0.693744921539732,0.655965355217623,0.544399092930276,0.797125655968923,0.610413006746215,0.694328018870914,0.700659705825795,0.598387865110207,0.591242890848524,0.655276171912987,0.660923218589402,0.655276171912987,0.675720989640271,0.6944882197456,0.693000109162826,0.829062742782796,1,0.686410198571627,0.700001561331771,0.659684374863184,0.682305682149593,0.591536542695422,0.579836108341351,0.660639761494587,0.662575668097862,0.659684374863184,0.659684374863184,0.645839626481166,0.693744921539732,0.712539187063914,0.672472172582035,0.674835066723105,0.662575668097862,0.590998261809381,0.701873563493294,0.693744921539732,0.635566789214657,0.69998678157302,0.541015571022072,0.737401131892053,0.57455290218058,0.698797087388339,0.702121254400595,0.677807192292256,0.617399513698925,0.578881697577091,0.713536245607487,0.660639761494587,0.617996567264068,0.660639761494587,0.591536542695422,0.660619960932433,0.696395531413844,0.557378286207724,0.660619960932433,0.727627104873707,0.706229218463673,0.709086065954208,0.709196215458386,0.684384425981742,0.650770213785931,0.654891717504712,0.682207904684051,0.67918984783111,0.660330247706431,0.665082206305254,0.67119029699641
Cannflavin A,0.67626807236906,0.702797104368362,0.811439238030731,0.702797104368362,0.55088088849433,0.828598244575758,0.828598244575758,0.81514714044056,0.877030770108055,0.828910021016895,0.87975709443477,0.807316146169471,0.816127364573034,0.685927384830358,0.732734814199734,0.707618423577974,0.872022095584347,0.707618423577974,0.868554036323483,0.760072174883553,0.869882475560954,0.550919706192096,0.686410198571627,1,0.993983988196421,0.890930565118387,0.886679306666708,0.790459954193639,0.49964618514111,0.821047812457352,0.702797104368362,0.890930565118387,0.890930565118387,0.800940391535809,0.828598244575758,0.777793637256242,0.805863612522018,0.766039939830093,0.702797104368362,0.892239840433975,0.884895675900669,0.828598244575758,0.790656365799059,0.88978897082419,0.869708646950075,0.827951812514884,0.88756276860692,0.899832263827258,0.893176461924572,0.821804558872586,0.878926971202152,0.754234362856882,0.831183579244634,0.821047812457352,0.51905001020846,0.821047812457352,0.790459954193639,0.838123166774614,0.844307713215552,0.874422318137385,0.838123166774614,0.910868405776084,0.837967619765568,0.832749415514534,0.807054140112112,0.864322773867793,0.828084200626489,0.838830496749343,0.811439238030731,0.828563989583699,0.844432353498924,0.842735126675702,0.791722532512997
Cannflavin B,0.667154006205015,0.694459989603066,0.817160066206632,0.694459989603066,0.533754272428839,0.843295117391063,0.843295117391063,0.80761757489382,0.877370560750669,0.835835649033031,0.87500021626633,0.818625963462135,0.8208703500619,0.695901824192233,0.73032252802352,0.703295021389919,0.878676834018848,0.703295021389919,0.880244947117231,0.75530173843481,0.879366991840105,0.575424698991412,0.700001561331771,0.993983988196421,1,0.89356348759387,0.896699286987052,0.778225792622977,0.522924884808299,0.84147095758881,0.694459989603066,0.89356348759387,0.89356348759387,0.789987808351723,0.843295117391063,0.792589218737488,0.808073143597865,0.755468981750453,0.694459989603066,0.895726952016131,0.896897218926924,0.843295117391063,0.774157273472683,0.901517182708791,0.869651845491554,0.830204490985706,0.891291160194173,0.908848046259152,0.896783605601832,0.816057492570145,0.876138363335689,0.75678496977466,0.824190722335963,0.84147095758881,0.546610951454575,0.84147095758881,0.778225792622977,0.830205767148639,0.841935742201479,0.878028946276949,0.830205767148639,0.907543341333373,0.82900860438723,0.8248614076604,0.798182189180218,0.857721570201921,0.822802461840202,0.835752517890006,0.817160066206632,0.820644645872073,0.830954237839677,0.828821387022254,0.791568861058035
Catechin,0.730761989384983,0.746798418960192,0.839721173046027,0.746798418960192,0.57850445348756,0.850901654474509,0.850901654474509,0.75515964489024,0.794554070732177,0.792852152710164,0.814569966345911,0.775226326310492,0.776672652063608,0.581822670280751,0.631844010796362,0.708821507297841,0.817374782750248,0.708821507297841,0.811231878264881,0.704696015068286,0.811162523322165,0.507930717978419,0.659684374863184,0.890930565118387,0.89356348759387,1,0.873206373894876,0.753066551235069,0.440891233132054,0.720293011469774,0.746798418960192,1,1,0.774565395954215,0.850901654474509,0.707847024318964,0.839229628286576,0.765524116876631,0.746798418960192,0.852479194298477,0.87581727628124,0.850901654474509,0.758725304630868,0.874573059112153,0.779370254999016,0.775669780876166,0.849755143892632,0.875770761959493,0.91493019359846,0.754274417263893,0.865621363424588,0.696349349378742,0.752076853320807,0.720293011469774,0.452551677408028,0.720293011469774,0.753066551235069,0.73145927125183,0.779802179048744,0.822696352117267,0.73145927125183,0.831043530838495,0.773708552344588,0.782445104452608,0.757742948860694,0.790193537385867,0.765691384128756,0.739571332096624,0.839721173046027,0.78129521463206,0.764312384393193,0.777049141940391,0.72127332474425
Chrysin,0.680353632700903,0.701955114552924,0.845592387122329,0.701955114552924,0.471167181173291,0.801206432812593,0.801206432812593,0.805366418593832,0.79852160467168,0.797168023623838,0.817063147257043,0.826495823330227,0.754402860258022,0.792871232154669,0.690652520185299,0.641530740664436,0.820837113855287,0.641530740664436,0.891857583838789,0.690770770385322,0.838916298949446,0.546103163039465,0.682305682149593,0.886679306666708,0.896699286987052,0.873206373894876,1,0.743818491049863,0.473745065992271,0.768278281344136,0.701955114552924,0.873206373894876,0.873206373894876,0.807544238903724,0.801206432812593,0.790540281369123,0.83899559276267,0.701679093897186,0.701955114552924,0.814120763388297,0.993893374368667,0.801206432812593,0.703519898355877,0.994326658729748,0.788360641797341,0.801257875964767,0.808873651146345,0.989945856407562,0.89662933389986,0.800252986476338,0.855674373907541,0.758812483947279,0.767384622925704,0.768278281344136,0.509385150049795,0.768278281344136,0.743818491049863,0.780359219147874,0.826399746060393,0.806577376096202,0.780359219147874,0.832760975307462,0.819490301292033,0.756457377486579,0.730479149624818,0.801584121609538,0.818318066665686,0.770813907890131,0.845592387122329,0.816103675299014,0.761004760941132,0.761480202877348,0.759965667780441
Cis-Nerolidol,0.70997302860803,0.722797065011816,0.820090732805083,0.722797065011816,0.612027986937486,0.729076659949403,0.729076659949403,0.776018007399144,0.765328766009951,0.749569544673139,0.821814845063036,0.7223972502001,0.639078511040138,0.533837467974719,0.672442036625839,0.61120225315181,0.707547878039785,0.61120225315181,0.698230532129019,0.634547009959016,0.705390776207288,0.365953372132172,0.591536542695422,0.790459954193639,0.778225792622977,0.753066551235069,0.743818491049863,1,0.325686089005086,0.600027829696792,0.722797065011816,0.753066551235069,0.753066551235069,0.783341909907615,0.729076659949403,0.727376384371448,0.82685940767517,0.760234742161253,0.722797065011816,0.729077295427275,0.741808728114253,0.729076659949403,0.886390905444281,0.740232066766517,0.760535301866883,0.856905771206519,0.717855084350307,0.755265625841806,0.752497297879077,0.760939311376393,0.725465374583584,0.657650882456332,0.803151415741279,0.600027829696792,0.329650352401919,0.600027829696792,1,0.80121370492002,0.771952768509318,0.706099634312816,0.80121370492002,0.803282235943881,0.79260315044927,0.831434695650261,0.833097329824224,0.889688128815253,0.780249865077101,0.794933033095048,0.820090732805083,0.794096103034849,0.867655941323709,0.885131103682991,0.747650222935736
Delta8-Tetrahydrocannabinol (d8-THC),0.391705960268831,0.422521703778557,0.464615525871489,0.422521703778557,0.279121280537503,0.503582563132104,0.503582563132104,0.46670953773032,0.405614955944932,0.558996776396519,0.394742815397008,0.529368154032823,0.52034745206964,0.477177351731877,0.406775487612335,0.411681412912635,0.53440613574065,0.411681412912635,0.555442976047768,0.507948540247239,0.525782360405846,0.641377543680827,0.579836108341351,0.49964618514111,0.522924884808299,0.440891233132054,0.473745065992271,0.325686089005086,1,0.670071552731096,0.422521703778557,0.440891233132054,0.440891233132054,0.46253038385164,0.503582563132104,0.445405951939156,0.448194634468956,0.428803023938049,0.422521703778557,0.447163851487313,0.485846258637289,0.503582563132104,0.359534665531503,0.490319957827229,0.404821338307599,0.423863179004783,0.448067872487685,0.485649397523985,0.512147136228826,0.508671890636523,0.461846636606732,0.470600610990822,0.492997390720228,0.670071552731096,0.855182089107317,0.670071552731096,0.325686089005086,0.505366711979857,0.530161800735336,0.454468528816354,0.505366711979857,0.528016955479722,0.512750587777436,0.510013205468274,0.479455473449212,0.499809188144758,0.465375746720174,0.555129086146591,0.464615525871489,0.458057044031443,0.466674135810792,0.450842832103671,0.515736905780996
